{
 "cells": [
  {
   "cell_type": "code",
   "execution_count": null,
   "id": "00bc955c",
   "metadata": {},
   "outputs": [],
   "source": [
    "from mha021 import *\n",
    "\n",
    "# These functions need to be finalized by you\n",
    "\n",
    "def compute_Ne_Be_detJ(nodes, ξ, η):\n",
    "    \"\"\"\n",
    "    Compute the stiffness matrix and element external force vector\n",
    "    for a bilinear plane stress or plane strain element.\n",
    "    \n",
    "    Parameters:\n",
    "        nodes : (4, 2) ndarray\n",
    "            Node coordinates [[x1,y1],[x2,y2],[x3,y3],[x4,y4]]. \n",
    "        ξ, η : float\n",
    "            Local coorinates in the parent domain\n",
    "    \n",
    "    Returns:\n",
    "        N : numpy.ndarray\n",
    "            Matrix of shape functions evaluated in the point (ξ, η)  (2x8)\n",
    "        B : numpy.ndarray\n",
    "            B-Matrix containing derivatives of the shape functions wrt the global coorinate system evaluated in the point (ξ, η)  (3x8)\n",
    "        detJ : float\n",
    "            Determinant of the jacobian matrix J (2x2)    \n",
    "    \"\"\"\n",
    "    \n",
    "    # Shape functions\n",
    "    Ne = ...\n",
    "\n",
    "    # Derivatives of shape functions\n",
    "    dNe = ...\n",
    "\n",
    "    # Jacobian matrix\n",
    "    J = ...\n",
    "\n",
    "    detJ = ...\n",
    "    minDetJ = 1e-16\n",
    "    if detJ < minDetJ:\n",
    "        raise ValueError(f\"Bad element geometry: detJ = {detJ}\") # may happen if the nodes are not counter-clockwize \n",
    "\n",
    "    # Derivatives of shape functions w.r.t global coordinates x, y\n",
    "    dNedxy = ...\n",
    "\n",
    "    # N matrix \n",
    "    N = ...\n",
    "\n",
    "    # B-matrix\n",
    "    Be = ...\n",
    "\n",
    "    return N, Be, detJ\n",
    "\n",
    "def bilinear_element(nodes, D, t, body_load, ngp):\n",
    "    \"\"\"\n",
    "    Compute the stiffness matrix and element external force vector\n",
    "    for a bilinear plane stress or plane strain element.\n",
    "    \n",
    "    Parameters:\n",
    "        nodes : (4, 2) ndarray\n",
    "            Node coordinates [[x1,y1],[x2,y2],[x3,y3],[x4,y4]]. \n",
    "        t : float\n",
    "            Thickness\n",
    "        D : numpy.ndarray\n",
    "            Constitutive matrix for 2D elasticity (plane stress or plane strain)\n",
    "        body_load: array-like\n",
    "            Body forces [bx, by]\n",
    "        ngp : int\n",
    "            The number of Gauss points: 1^2, 2^2, 3^2\n",
    "    \n",
    "    Returns:\n",
    "        Ke : numpy.ndarray\n",
    "            Element stiffness matrix (8x8)\n",
    "        fe : numpy.ndarray\n",
    "            Equivalent nodal forces (8x1)\n",
    "    \"\"\"\n",
    "    b = np.asarray(body_load, dtype=float).reshape(2)\n",
    "    \n",
    "    Ke = np.zeros(...)\n",
    "    fe = np.zeros(...)\n",
    "\n",
    "    # Define Gauss points and weights should handle three cases: 1^2, 2^2, 3^2 points\n",
    "    # see function gauss_integration_rule in mha021 for support\n",
    "    weights = ...\n",
    "    coords = ...\n",
    "    \n",
    "    for gpIndex_1, weight_ξ in enumerate(weights):\n",
    "        for gpIndex_2, weight_η in enumerate(weights):\n",
    "            ξ = ...\n",
    "            η = ...\n",
    "            \n",
    "            N, Be, detJ = compute_Ne_Be_detJ(nodes, ξ, η) # use the function you wrote earlier\n",
    "\n",
    "            # Stiffness matrix and force vector\n",
    "            Ke += ...\n",
    "            fe += ...\n",
    "\n",
    "    return Ke, fe\n",
    "\n",
    "def bilinear_element_stress_strain(nodes: np.ndarray, D: np.ndarray, ae: np.ndarray):\n",
    "    \"\"\"\n",
    "    Compute stress and strain for a bilinear quad element.\n",
    "\n",
    "    Parameters\n",
    "    ----------\n",
    "    nodes : (4, 2) ndarray\n",
    "        Node coordinates [[x1,y1],[x2,y2],[x3,y3],[x4,y4]].\n",
    "    D : (3, 3) ndarray\n",
    "        Constitutive matrix.\n",
    "    ae : (8,) ndarray\n",
    "        Nodal displacement vector [u1,v1,u2,v2,u3,v3,u4,v4].\n",
    "\n",
    "    Returns\n",
    "    -------\n",
    "    stress : (3,) ndarray\n",
    "        Stress vector [σ_xx, σ_yy, σ_xy].\n",
    "    strain : (3,) ndarray\n",
    "        Strain vector [ε_xx, ε_yy, γ_xy].\n",
    "    \"\"\"\n",
    "    ϵe = ...\n",
    "    σe = ...\n",
    "    return σe, ϵe"
   ]
  },
  {
   "cell_type": "markdown",
   "id": "b8bbea55",
   "metadata": {},
   "source": [
    "## Verification code \n",
    "Use this code below to check that your function ```compute_Ne_Be_detJ``` produces the correct output (N, B and detJ) for provied input"
   ]
  },
  {
   "cell_type": "code",
   "execution_count": null,
   "id": "800bbd72",
   "metadata": {},
   "outputs": [],
   "source": [
    "nodes = np.array([[0.1, 0.0],\n",
    "                [1.0, 0.0],\n",
    "                [1.2, 1.0],\n",
    "                [0.0, 1.3]]) # an element defined by these four nodes\n",
    "\n",
    "N, B, detJ = compute_Ne_Be_detJ(nodes, ξ=0.15, η=0.25) # Call your function here with the provied nodes, ξ and η  \n",
    "\n",
    "# It should then produce the following output\n",
    "N_ref = np.array([\n",
    "    [0.159375, 0., 0.215625, 0., 0.359375, 0., 0.265625, 0. ],\n",
    "    [0., 0.159375, 0., 0.215625, 0., 0.359375, 0., 0.265625]\n",
    "])\n",
    "B_ref = np.array([\n",
    "    [-0.40532365,  0.        ,  0.25408348,  0.        ,  0.65537407,   0.        , -0.5041339 ,  0.        ],\n",
    "    [ 0.        , -0.35087719,  0.        , -0.52631579,  0.        ,   0.46783626,  0.        ,  0.40935673],\n",
    "    [-0.35087719, -0.40532365, -0.52631579,  0.25408348,  0.46783626,   0.65537407,  0.40935673, -0.5041339 ]\n",
    "])\n",
    "detJ_ref = 0.3099375\n",
    "\n",
    "# automatically compare your result against the reference \n",
    "print(f\" N is correct: {np.allclose(N, N_ref)}\")\n",
    "print(f\" B is correct: {np.allclose(B, B_ref)}\")\n",
    "print(f\" detJ is correct: {np.allclose([detJ], [detJ_ref])}\")"
   ]
  },
  {
   "cell_type": "markdown",
   "id": "06375389",
   "metadata": {},
   "source": [
    "And this code checks that ```bilinear_element``` produces the correct output (Ke, fe) for provied input"
   ]
  },
  {
   "cell_type": "code",
   "execution_count": null,
   "id": "e6aa501b",
   "metadata": {},
   "outputs": [],
   "source": [
    "# Check Ke and fe for number of Gauss points = 2x2 = 4\n",
    "D = np.array([\n",
    "    [ 1, .1,   0],\n",
    "    [.1,  1,   0],\n",
    "    [ 0,  0, 0.5],\n",
    "])\n",
    "Ke, fe = bilinear_element(nodes, D, t=1, body_load=[1, 2], ngp=4)\n",
    "\n",
    "Ke_ref = np.array([\n",
    "    [ 0.59197373,  0.16437482, -0.3259681 , -0.07816942, -0.31935773, -0.15689005,  0.0533521 ,  0.07068465],\n",
    "    [ 0.16437482,  0.5122176 ,  0.12183058, -0.06840708, -0.15689005, -0.25651223, -0.12931535, -0.18729828],\n",
    "    [-0.3259681 ,  0.12183058,  0.53867555, -0.13007999, -0.00506561, -0.13091923, -0.20764184,  0.13916864],\n",
    "    [-0.07816942, -0.06840708, -0.13007999,  0.54735146,  0.06908077, -0.24209229,  0.13916864, -0.23685208],\n",
    "    [-0.31935773, -0.15689005, -0.00506561,  0.06908077,  0.57250116,  0.16384019, -0.24807781, -0.07603092],\n",
    "    [-0.15689005, -0.25651223, -0.13091923, -0.24209229,  0.16384019,  0.49395293,  0.12396908,  0.00465159], \n",
    "    [ 0.0533521 , -0.12931535, -0.20764184,  0.13916864, -0.24807781,  0.12396908,  0.40236755, -0.13382237],\n",
    "    [ 0.07068465, -0.18729828,  0.13916864, -0.23685208, -0.07603092,  0.00465159, -0.13382237,  0.41949877]])\n",
    "\n",
    "fe_ref = np.array([0.3   , 0.6   , 0.2775, 0.555 , 0.3075, 0.615 , 0.33  , 0.66  ])\n",
    "print(f\" Ke is correct: {np.allclose(Ke, Ke_ref)}\")\n",
    "print(f\" fe is correct: {np.allclose(fe, fe_ref)}\")"
   ]
  }
 ],
 "metadata": {
  "kernelspec": {
   "display_name": "base",
   "language": "python",
   "name": "python3"
  },
  "language_info": {
   "codemirror_mode": {
    "name": "ipython",
    "version": 3
   },
   "file_extension": ".py",
   "mimetype": "text/x-python",
   "name": "python",
   "nbconvert_exporter": "python",
   "pygments_lexer": "ipython3",
   "version": "3.13.5"
  }
 },
 "nbformat": 4,
 "nbformat_minor": 5
}
